1	0
2	1
3	6
4	9
5	19
6	24
7	36
8	43
9	54
10	57
11	79
12	84
13	108
14	124
15	144
16	159
17	169
18	201
19	213
20	241
21	270
22	288
23	316
24	345
25	354
26	388
27	414
28	447
29	475
30	513
31	543
32	583
33	612
34	651
35	682
36	714
37	762
38	805
39	849
40	891
41	931
42	975
43	1023
44	1054
45	1113
46	1158
47	1213
48	1248
49	1305
50	1354
51	1410
52	1461
53	1531
54	1587
55	1635
56	1696
57	1749
58	1809
59	1867
60	1938
61	1998
62	2068
63	2127
64	2187
65	2257
66	2328
67	2394
68	2458
69	2538
70	2613
71	2674
72	2760
73	2841
74	2902
75	2988
76	3066
77	3148
78	3219
79	3297
80	3391
81	3468
82	3555
83	3643
84	3723
85	3816
86	3901
87	3987
88	4074
89	4171
90	4263
91	4356
92	4447
93	4536
94	4635
95	4735
96	4830
97	4932
98	5026
99	5139
100	5235
101	5329
102	5445
103	5553
104	5662
105	5763
106	5862
107	5980
108	6087
109	6192
110	6310
111	6420
112	6540
113	6658
114	6762
115	6885
116	6997
117	7116
118	7239
119	7366
120	7491
121	7608
122	7735
123	7854
124	7980
125	8110
126	8235
127	8364
128	8509
129	8622
130	8757
131	8884
132	9030
133	9159
134	9307
135	9429
136	9567
137	9709
138	9858
139	9990
140	10132
141	10275
142	10419
143	10564
144	10695
145	10866
146	11005
147	11160
148	11307
149	11449
150	11604
151	11769
152	11911
153	12066
154	12237
155	12388
156	12531
157	12705
158	12859
159	13020
160	13185
161	13333
162	13515
163	13680
164	13834
165	14016
166	14178
167	14347
168	14514
169	14682
170	14851
171	15039
172	15210
173	15370
174	15549
175	15732
176	15916
177	16101
178	16272
179	16453
180	16635
181	16815
182	17002
183	17184
184	17364
185	17563
186	17757
187	17937
188	18127
189	18318
190	18513
191	18700
192	18891
193	19077
194	19285
195	19476
196	19683
197	19885
198	20076
199	20268
200	20488
201	20673
202	20895
203	21100
204	21309
205	21510
206	21706
207	21909
208	22137
209	22354
210	22554
211	22779
212	22984
213	23202
214	23421
215	23632
216	23862
217	24072
218	24289
219	24519
220	24741
221	24961
222	25170
223	25407
224	25624
225	25860
226	26076
227	26308
228	26529
229	26778
230	27007
231	27252
232	27471
233	27712
234	27948
235	28182
236	28426
237	28659
238	28911
239	29140
240	29382
241	29619
242	29866
243	30120
244	30363
245	30607
246	30864
247	31098
248	31360
249	31614
250	31869
251	32107
252	32358
253	32622
254	32881
255	33132
256	33390
257	33649
258	33918
259	34167
260	34426
261	34701
262	34956
263	35221
264	35496
265	35754
266	36025
267	36294
268	36576
269	36838
270	37098
271	37368
272	37657
273	37932
274	38199
275	38485
276	38760
277	39045
278	39325
279	39597
280	39873
281	40162
282	40440
283	40719
284	41014
285	41301
286	41595
287	41893
288	42165
289	42471
290	42763
291	43044
292	43347
293	43645
294	43938
295	44244
296	44530
297	44823
298	45132
299	45427
300	45744
301	46041
302	46348
303	46635
304	46944
305	47254
306	47568
307	47886
308	48184
309	48504
310	48816
311	49108
312	49431
313	49746
314	50056
315	50373
316	50691
317	51022
318	51339
319	51657
320	51976
321	52305
322	52632
323	52951
324	53271
325	53616
326	53944
327	54255
328	54591
329	54919
330	55242
331	55587
332	55936
333	56265
334	56598
335	56938
336	57273
337	57603
338	57952
339	58287
340	58629
341	58984
342	59322
343	59667
344	60007
345	60345
346	60702
347	61057
348	61416
349	61752
350	62107
351	62466
352	62811
353	63169
354	63525
355	63888
356	64240
357	64602
358	64950
359	65323
360	65694
361	66048
362	66406
363	66765
364	67134
365	67507
366	67869
367	68253
368	68614
369	68979
370	69354
371	69736
372	70110
373	70479
374	70861
375	71220
376	71604
377	71989
378	72363
379	72729
380	73135
381	73518
382	73890
383	74281
384	74667
385	75066
386	75448
387	75840
388	76215
389	76609
390	77007
391	77391
392	77797
393	78186
394	78579
395	78988
396	79380
397	79767
398	80179
399	80583
400	80979
401	81385
402	81783
403	82188
404	82600
405	83007
406	83418
407	83824
408	84225
409	84642
410	85051
411	85476
412	85884
413	86293
414	86703
415	87132
416	87535
417	87957
418	88377
419	88810
420	89223
421	89655
422	90085
423	90501
424	90930
425	91348
426	91785
427	92205
428	92644
429	93063
430	93495
431	93931
432	94362
433	94809
434	95242
435	95673
436	96123
437	96556
438	97005
439	97440
440	97879
441	98316
442	98778
443	99220
444	99648
445	100095
446	100552
447	100992
448	101445
449	101905
450	102351
451	102810
452	103249
453	103719
454	104178
455	104623
456	105093
457	105552
458	106006
459	106464
460	106926
461	107395
462	107853
463	108324
464	108799
465	109251
466	109719
467	110194
468	110661
469	111150
470	111607
471	112083
472	112551
473	113020
474	113508
475	113979
476	114466
477	114939
478	115413
479	115909
480	116379
481	116865
482	117343
483	117831
484	118311
485	118795
486	119289
487	119781
488	120271
489	120753
490	121248
491	121753
492	122238
493	122727
494	123235
495	123726
496	124224
497	124720
498	125220
499	125730
500	126235
501	126732
502	127239
503	127747
504	128244
505	128754
506	129256
507	129753
508	130287
509	130795
510	131313
511	131820
512	132337
513	132840
514	133368
515	133882
516	134400
517	134916
518	135448
519	135963
520	136461
521	137008
522	137526
523	138048
524	138583
525	139110
526	139635
527	140155
528	140691
529	141234
530	141760
531	142290
532	142815
533	143362
534	143898
535	144435
536	144949
537	145509
538	146043
539	146587
540	147129
541	147678
542	148222
543	148773
544	149310
545	149857
546	150399
547	150939
548	151507
549	152061
550	152610
551	153157
552	153717
553	154272
554	154813
555	155388
556	155931
557	156496
558	157065
559	157629
560	158182
561	158745
562	159297
563	159880
564	160440
565	161001
566	161566
567	162132
568	162705
569	163291
570	163854
571	164430
572	165001
573	165585
574	166149
575	166735
576	167304
577	167880
578	168466
579	169062
580	169629
581	170203
582	170787
583	171363
584	171973
585	172551
586	173142
587	173731
588	174324
589	174903
590	175504
591	176097
592	176685
593	177280
594	177870
595	178470
596	179086
597	179685
598	180285
599	180865
600	181479
601	182073
602	182683
603	183294
604	183891
605	184504
606	185106
607	185721
608	186340
609	186939
610	187557
611	188173
612	188781
613	189396
614	190003
615	190632
616	191250
617	191875
618	192486
619	193098
620	193726
621	194355
622	194973
623	195598
624	196233
625	196863
626	197491
627	198114
628	198753
629	199360
630	200004
631	200628
632	201268
633	201918
634	202557
635	203170
636	203817
637	204444
638	205102
639	205740
640	206379
641	207022
642	207663
643	208305
644	208957
645	209610
646	210255
647	210898
648	211539
649	212196
650	212839
651	213498
652	214155
653	214822
654	215460
655	216129
656	216784
657	217452
658	218100
659	218767
660	219435
661	220095
662	220765
663	221421
664	222093
665	222757
666	223416
667	224091
668	224749
669	225423
670	226101
671	226768
672	227451
673	228132
674	228805
675	229485
676	230154
677	230818
678	231501
679	232197
680	232879
681	233568
682	234249
683	234928
684	235617
685	236322
686	236995
687	237675
688	238371
689	239068
690	239748
691	240441
692	241132
693	241836
694	242529
695	243223
696	243921
697	244632
698	245323
699	246015
700	246732
701	247432
702	248133
703	248832
704	249547
705	250251
706	250959
707	251662
708	252378
709	253098
710	253804
711	254517
712	255237
713	255937
714	256665
715	257370
716	258091
717	258807
718	259539
719	260251
720	260973
721	261705
722	262423
723	263154
724	263865
725	264604
726	265335
727	266061
728	266785
729	267507
730	268263
731	268984
732	269730
733	270465
734	271195
735	271941
736	272661
737	273403
738	274155
739	274884
740	275626
741	276369
742	277113
743	277858
744	278613
745	279354
746	280102
747	280851
748	281607
749	282355
750	283095
751	283860
752	284605
753	285369
754	286110
755	286879
756	287634
757	288393
758	289144
759	289920
760	290673
761	291445
762	292197
763	292965
764	293719
765	294504
766	295257
767	296029
768	296808
769	297591
770	298360
771	299142
772	299907
773	300673
774	301452
775	302217
776	303004
777	303783
778	304572
779	305350
780	306129
781	306909
782	307693
783	308469
784	309279
785	310051
786	310842
787	311625
788	312430
789	313203
790	314004
791	314788
792	315591
793	316380
794	317185
795	317973
796	318777
797	319582
798	320382
799	321174
800	321985
801	322761
802	323595
803	324382
804	325209
805	326004
806	326818
807	327612
808	328428
809	329245
810	330039
811	330867
812	331684
813	332484
814	333306
815	334141
816	334947
817	335769
818	336586
819	337410
820	338235
821	339052
822	339888
823	340707
824	341524
825	342351
826	343179
827	344017
828	344826
829	345672
830	346516
831	347337
832	348174
833	348994
834	349839
835	350679
836	351514
837	352353
838	353202
839	354034
840	354870
841	355731
842	356572
843	357414
844	358263
845	359107
846	359949
847	360804
848	361657
849	362508
850	363333
851	364192
852	365067
853	365901
854	366766
855	367614
856	368493
857	369343
858	370200
859	371070
860	371923
861	372789
862	373650
863	374518
864	375393
865	376242
866	377131
867	377991
868	378858
869	379732
870	380598
871	381480
872	382333
873	383226
874	384099
875	384967
876	385851
877	386745
878	387613
879	388500
880	389385
881	390271
882	391149
883	392022
884	392914
885	393807
886	394692
887	395572
888	396459
889	397362
890	398242
891	399156
892	400044
893	400939
894	401832
895	402726
896	403627
897	404529
898	405432
899	406321
900	407235
901	408132
902	409027
903	409947
904	410841
905	411754
906	412659
907	413565
908	414475
909	415401
910	416301
911	417205
912	418125
913	419049
914	419968
915	420873
916	421797
917	422722
918	423618
919	424548
920	425479
921	426402
922	427320
923	428257
924	429183
925	430107
926	431035
927	431961
928	432894
929	433828
930	434754
931	435684
932	436615
933	437547
934	438501
935	439438
936	440370
937	441306
938	442243
939	443193
940	444132
941	445072
942	446022
943	446955
944	447907
945	448854
946	449799
947	450751
948	451704
949	452658
950	453607
951	454560
952	455505
953	456484
954	457428
955	458370
956	459340
957	460296
958	461250
959	462223
960	463176
961	464133
962	465100
963	466065
964	467034
965	468001
966	468972
967	469941
968	470902
969	471879
970	472857
971	473812
972	474789
973	475776
974	476743
975	477738
976	478686
977	479686
978	480666
979	481629
980	482626
981	483612
982	484596
983	485578
984	486567
985	487560
986	488542
987	489501
988	490518
989	491509
990	492492
991	493488
992	494494
993	495474
994	496479
995	497467
996	498489
997	499467
998	500458
999	501483
1000	502473
1001	503482
1002	504483
1003	505488
1004	506479
1005	507510
1006	508521
1007	509518
1008	510519
1009	511530
1010	512530
1011	513579
1012	514593
1013	515587
1014	516606
1015	517626
1016	518644
1017	519666
1018	520683
1019	521695
1020	522711
1021	523764
1022	524785
1023	525798
1024	526833
1025	527842
1026	528876
1027	529908
1028	530947
1029	531972
1030	533010
1031	534040
1032	535077
1033	536112
1034	537139
1035	538188
1036	539220
1037	540247
1038	541290
1039	542349
1040	543385
1041	544425
1042	545469
1043	546514
1044	547560
1045	548607
1046	549667
1047	550695
1048	551754
1049	552787
1050	553857
1051	554910
1052	555958
1053	557028
1054	558069
1055	559129
1056	560190
1057	561243
1058	562306
1059	563364
1060	564438
1061	565486
1062	566559
1063	567627
1064	568690
1065	569754
1066	570828
1067	571882
1068	572964
1069	574020
1070	575098
1071	576183
1072	577254
1073	578320
1074	579399
1075	580476
1076	581545
1077	582636
1078	583716
1079	584806
1080	585876
1081	586956
1082	588034
1083	589128
1084	590211
1085	591289
1086	592398
1087	593469
1088	594562
1089	595662
1090	596757
1091	597847
1092	598938
1093	600024
1094	601138
1095	602226
1096	603339
1097	604432
1098	605529
1099	606612
1100	607717
1101	608823
1102	609936
1103	611041
1104	612138
1105	613245
1106	614356
1107	615456
1108	616578
1109	617695
1110	618795
1111	619920
1112	621028
1113	622146
1114	623271
1115	624379
1116	625494
1117	626616
1118	627730
1119	628848
1120	629973
1121	631099
1122	632229
1123	633342
1124	634474
1125	635601
1126	636738
1127	637867
1128	639003
1129	640128
1130	641254
1131	642384
1132	643512
1133	644659
1134	645798
1135	646932
1136	648064
1137	649212
1138	650334
1139	651484
1140	652617
1141	653784
1142	654913
1143	656061
1144	657195
1145	658357
1146	659487
1147	660651
1148	661804
1149	662955
1150	664098
1151	665257
1152	666399
1153	667563
1154	668722
1155	669870
1156	671043
1157	672196
1158	673356
1159	674517
1160	675676
1161	676836
1162	678006
1163	679165
1164	680319
1165	681492
1166	682663
1167	683841
1168	685020
1169	686173
1170	687357
1171	688527
1172	689689
1173	690870
1174	692049
1175	693232
1176	694407
1177	695595
1178	696769
1179	697938
1180	699114
1181	700300
1182	701496
1183	702681
1184	703858
1185	705063
1186	706245
1187	707431
1188	708615
1189	709809
1190	711007
1191	712206
1192	713397
1193	714577
1194	715767
1195	716973
1196	718186
1197	719367
1198	720552
1199	721768
1200	722973
1201	724185
1202	725377
1203	726594
1204	727797
1205	729004
1206	730203
1207	731439
1208	732628
1209	733833
1210	735057
1211	736282
1212	737484
1213	738678
1214	739897
1215	741135
1216	742335
1217	743563
1218	744777
1219	746010
1220	747223
1221	748446
1222	749670
1223	750898
1224	752133
1225	753351
1226	754579
1227	755808
1228	757038
1229	758278
1230	759507
1231	760722
1232	761971
1233	763206
1234	764445
1235	765691
1236	766917
1237	768144
1238	769402
1239	770643
1240	771879
1241	773119
1242	774363
1243	775611
1244	776851
1245	778110
1246	779361
1247	780598
1248	781848
1249	783096
1250	784357
1251	785607
1252	786873
1253	788122
1254	789378
1255	790632
1256	791878
1257	793143
1258	794397
1259	795652
1260	796926
1261	798192
1262	799453
1263	800721
1264	801978
1265	803245
1266	804510
1267	805791
1268	807070
1269	808323
1270	809592
1271	810883
1272	812151
1273	813426
1274	814687
1275	815985
1276	817257
1277	818539
1278	819816
1279	821097
1280	822376
1281	823671
1282	824949
1283	826237
1284	827520
1285	828801
1286	830092
1287	831381
1288	832671
1289	833941
1290	835251
1291	836550
1292	837835
1293	839130
1294	840438
1295	841735
1296	843033
1297	844323
1298	845623
1299	846921
1300	848229
1301	849532
1302	850833
1303	852135
1304	853438
1305	854760
1306	856062
1307	857365
1308	858681
1309	859998
1310	861298
1311	862626
1312	863931
1313	865249
1314	866547
1315	867870
1316	869179
1317	870516
1318	871833
1319	873160
1320	874482
1321	875805
1322	877129
1323	878439
1324	879780
1325	881104
1326	882438
1327	883749
1328	885100
1329	886419
1330	887757
1331	889084
1332	890412
1333	891753
1334	893089
1335	894420
1336	895770
1337	897100
1338	898437
1339	899778
1340	901120
1341	902472
1342	903816
1343	905167
1344	906504
1345	907851
1346	909208
1347	910542
1348	911889
1349	913252
1350	914601
1351	915966
1352	917305
1353	918669
1354	920010
1355	921364
1356	922737
1357	924090
1358	925462
1359	926820
1360	928173
1361	929536
1362	930900
1363	932274
1364	933634
1365	935004
1366	936360
1367	937738
1368	939108
1369	940482
1370	941863
1371	943221
1372	944601
1373	945967
1374	947343
1375	948720
1376	950107
1377	951486
1378	952866
1379	954244
1380	955632
1381	957006
1382	958387
1383	959766
1384	961167
1385	962548
1386	963933
1387	965328
1388	966718
1389	968109
1390	969501
1391	970894
1392	972291
1393	973674
1394	975079
1395	976482
1396	977871
1397	979279
1398	980676
1399	982077
1400	983470
1401	984885
1402	986280
1403	987688
1404	989106
1405	990495
1406	991912
1407	993309
1408	994734
1409	996139
1410	997554
1411	998967
1412	1000378
1413	1001796
1414	1003212
1415	1004641
1416	1006056
1417	1007469
1418	1008883
1419	1010295
1420	1011729
1421	1013146
1422	1014576
1423	1015980
1424	1017421
1425	1018851
1426	1020270
1427	1021705
1428	1023132
1429	1024569
1430	1025992
1431	1027434
1432	1028874
1433	1030312
1434	1031748
1435	1033173
1436	1034629
1437	1036059
1438	1037496
1439	1038943
1440	1040379
1441	1041822
1442	1043260
1443	1044711
1444	1046157
1445	1047598
1446	1049052
1447	1050504
1448	1051960
1449	1053402
1450	1054863
1451	1056313
1452	1057752
1453	1059210
1454	1060681
1455	1062135
1456	1063581
1457	1065037
1458	1066503
1459	1067964
1460	1069426
1461	1070883
1462	1072362
1463	1073812
1464	1075287
1465	1076757
1466	1078222
1467	1079697
1468	1081155
1469	1082632
1470	1084101
1471	1085586
1472	1087033
1473	1088526
1474	1090005
1475	1091470
1476	1092939
1477	1094430
1478	1095904
1479	1097391
1480	1098876
1481	1100362
1482	1101846
1483	1103337
1484	1104811
1485	1106301
1486	1107789
1487	1109284
1488	1110780
1489	1112250
1490	1113751
1491	1115241
1492	1116738
1493	1118245
1494	1119741
1495	1121226
1496	1122724
1497	1124232
1498	1125732
1499	1127221
1500	1128729
1501	1130226
1502	1131715
1503	1133229
1504	1134735
1505	1136245
1506	1137759
1507	1139265
1508	1140787
1509	1142292
1510	1143792
1511	1145317
1512	1146828
1513	1148334
1514	1149874
1515	1151379
1516	1152882
1517	1154419
1518	1155924
1519	1157457
1520	1158985
1521	1160487
1522	1162029
1523	1163554
1524	1165062
1525	1166604
1526	1168138
1527	1169649
1528	1171200
1529	1172719
1530	1174257
1531	1175781
1532	1177327
1533	1178856
1534	1180404
1535	1181923
1536	1183470
1537	1185015
1538	1186546
1539	1188102
1540	1189623
1541	1191166
1542	1192722
1543	1194264
1544	1195804
1545	1197354
1546	1198902
1547	1200448
1548	1201998
1549	1203564
1550	1205101
1551	1206639
1552	1208214
1553	1209760
1554	1211322
1555	1212882
1556	1214437
1557	1215987
1558	1217559
1559	1219108
1560	1220679
1561	1222251
1562	1223797
1563	1225371
1564	1226934
1565	1228501
1566	1230063
1567	1231644
1568	1233205
1569	1234791
1570	1236357
1571	1237921
1572	1239510
1573	1241070
1574	1242643
1575	1244235
1576	1245801
1577	1247389
1578	1248966
1579	1250541
1580	1252141
1581	1253709
1582	1255293
1583	1256890
1584	1258470
1585	1260048
1586	1261642
1587	1263234
1588	1264821
1589	1266421
1590	1268001
1591	1269588
1592	1271200
1593	1272780
1594	1274382
1595	1275991
1596	1277580
1597	1279161
1598	1280779
1599	1282368
1600	1283961
1601	1285579
1602	1287189
1603	1288782
1604	1290394
1605	1292001
1606	1293618
1607	1295233
1608	1296828
1609	1298427
1610	1300051
1611	1301661
1612	1303284
1613	1304893
1614	1306509
1615	1308135
1616	1309756
1617	1311354
1618	1312980
1619	1314610
1620	1316217
1621	1317846
1622	1319470
1623	1321095
1624	1322721
1625	1324345
1626	1325991
1627	1327623
1628	1329241
1629	1330878
1630	1332501
1631	1334143
1632	1335777
1633	1337400
1634	1339036
1635	1340682
1636	1342326
1637	1343962
1638	1345599
1639	1347228
1640	1348873
1641	1350513
1642	1352148
1643	1353808
1644	1355466
1645	1357092
1646	1358752
1647	1360386
1648	1362051
1649	1363696
1650	1365351
1651	1367007
1652	1368658
1653	1370310
1654	1371972
1655	1373623
1656	1375287
1657	1376940
1658	1378597
1659	1380264
1660	1381926
1661	1383592
1662	1385262
1663	1386909
1664	1388584
1665	1390254
1666	1391910
1667	1393573
1668	1395255
1669	1396914
1670	1398601
1671	1400271
1672	1401960
1673	1403623
1674	1405314
1675	1406970
1676	1408648
1677	1410342
1678	1412019
1679	1413697
1680	1415388
1681	1417062
1682	1418758
1683	1420428
1684	1422126
1685	1423816
1686	1425492
1687	1427163
1688	1428877
1689	1430571
1690	1432242
1691	1433950
1692	1435626
1693	1437333
1694	1439029
1695	1440729
1696	1442436
1697	1444129
1698	1445811
1699	1447524
1700	1449214
1701	1450932
1702	1452618
1703	1454347
1704	1456050
1705	1457745
1706	1459459
1707	1461159
1708	1462872
1709	1464580
1710	1466301
1711	1468026
1712	1469719
1713	1471440
1714	1473159
1715	1474879
1716	1476591
1717	1478316
1718	1480030
1719	1481763
1720	1483470
1721	1485202
1722	1486923
1723	1488654
1724	1490383
1725	1492095
1726	1493817
1727	1495570
1728	1497279
1729	1499028
1730	1500754
1731	1502472
1732	1504224
1733	1505953
1734	1507689
1735	1509432
1736	1511161
1737	1512903
1738	1514649
1739	1516375
1740	1518114
1741	1519863
1742	1521622
1743	1523343
1744	1525116
1745	1526842
1746	1528608
1747	1530339
1748	1532101
1749	1533852
1750	1535589
1751	1537345
1752	1539114
1753	1540854
1754	1542622
1755	1544388
1756	1546125
1757	1547893
1758	1549662
1759	1551420
1760	1553173
1761	1554936
1762	1556709
1763	1558462
1764	1560231
1765	1562010
1766	1563772
1767	1565535
1768	1567317
1769	1569076
1770	1570857
1771	1572630
1772	1574386
1773	1576191
1774	1577952
1775	1579726
1776	1581492
1777	1583283
1778	1585069
1779	1586853
1780	1588623
1781	1590415
1782	1592193
1783	1593981
1784	1595773
1785	1597551
1786	1599345
1787	1601137
1788	1602918
1789	1604697
1790	1606504
1791	1608303
1792	1610082
1793	1611886
1794	1613676
1795	1615473
1796	1617268
1797	1619064
1798	1620876
1799	1622686
1800	1624488
1801	1626282
1802	1628083
1803	1629888
1804	1631694
1805	1633504
1806	1635306
1807	1637109
1808	1638919
1809	1640745
1810	1642563
1811	1644364
1812	1646175
1813	1647990
1814	1649815
1815	1651629
1816	1653447
1817	1655272
1818	1657089
1819	1658901
1820	1660723
1821	1662552
1822	1664367
1823	1666207
1824	1668009
1825	1669845
1826	1671679
1827	1673511
1828	1675317
1829	1677154
1830	1679007
1831	1680837
1832	1682653
1833	1684506
1834	1686333
1835	1688170
1836	1690002
1837	1691856
1838	1693699
1839	1695531
1840	1697376
1841	1699219
1842	1701066
1843	1702905
1844	1704751
1845	1706598
1846	1708458
1847	1710295
1848	1712148
1849	1713993
1850	1715842
1851	1717707
1852	1719552
1853	1721416
1854	1723269
1855	1725135
1856	1726981
1857	1728849
1858	1730703
1859	1732558
1860	1734423
1861	1736274
1862	1738138
1863	1740024
1864	1741863
1865	1743754
1866	1745634
1867	1747488
1868	1749355
1869	1751232
1870	1753095
1871	1754968
1872	1756851
1873	1758717
1874	1760608
1875	1762473
1876	1764360
1877	1766227
1878	1768122
1879	1769988
1880	1771873
1881	1773744
1882	1775646
1883	1777519
1884	1779423
1885	1781301
1886	1783198
1887	1785075
1888	1786974
1889	1788865
1890	1790757
1891	1792641
1892	1794535
1893	1796439
1894	1798329
1895	1800235
1896	1802130
1897	1804014
1898	1805908
1899	1807827
1900	1809726
1901	1811626
1902	1813536
1903	1815444
1904	1817347
1905	1819257
1906	1821168
1907	1823068
1908	1824984
1909	1826892
1910	1828786
1911	1830708
1912	1832613
1913	1834531
1914	1836447
1915	1838379
1916	1840297
1917	1842213
1918	1844118
1919	1846057
1920	1847973
1921	1849890
1922	1851820
1923	1853748
1924	1855674
1925	1857610
1926	1859538
1927	1861449
1928	1863388
1929	1865322
1930	1867260
1931	1869178
1932	1871100
1933	1873047
1934	1875010
1935	1876938
1936	1878867
1937	1880809
1938	1882734
1939	1884681
1940	1886626
1941	1888578
1942	1890522
1943	1892461
1944	1894410
1945	1896357
1946	1898299
1947	1900251
1948	1902189
1949	1904146
1950	1906092
1951	1908036
1952	1910011
1953	1911960
1954	1913904
1955	1915885
1956	1917840
1957	1919808
1958	1921753
1959	1923711
1960	1925661
1961	1927633
1962	1929612
1963	1931571
1964	1933537
1965	1935501
1966	1937475
1967	1939441
1968	1941405
1969	1943382
1970	1945351
1971	1947327
1972	1949289
1973	1951288
1974	1953252
1975	1955238
1976	1957195
1977	1959171
1978	1961163
1979	1963141
1980	1965135
1981	1967118
1982	1969072
1983	1971075
1984	1973067
1985	1975057
1986	1977048
1987	1979031
1988	1981003
1989	1983018
1990	1985001
1991	1986994
1992	1988985
1993	1990989
1994	1992985
1995	1994976
1996	1996980
1997	1998976
1998	2000967
1999	2002971
2000	2004979
